
Data file: /Users/turkot/DESY/Postdoc/CMS/Lumi/OrbitDrifts/Repository/OrbitDriftsCorr/Data/DOROS/Fill6868/DOROS_Fill6868_Timber.csv

Offsets:

  Timestamps: [1530352062, 1530352202, 1530356377, 1530359437, 1530360854, 1530362401, 1530364061, 1530367102, 1530368711, 1530396762, 1530400617, 1530402225, 1530403725, 1530406599, 1530409686, 1530413153, 1530416157, 1530417223, 1530418826, 1530420450, 1530422021, 1530423560, 1530427758]

  T/imestamps: [1530351900, 1530356377, 1530359437, 1530360854, 1530362401, 1530364061, 1530367102, 1530368711, 1530396762, 1530400617, 1530402225, 1530403725, 1530406599, 1530409686, 1530413153, 1530416157, 1530417223, 1530418826, 1530420450, 1530422021, 1530423560, 1530427758]
                  B1_H     B1_V     B2_H     B2_V 
  OffValues: [[0.0, 0.0, 0.0, 0.0], [0.0, 0.0, 0.0, 0.0], [0.0, 0.0, 0.0, 0.0], [0.0, 0.0, 0.0, 0.0], [0.0, 0.0, 0.0, 0.0], [0.0, 0.0, 0.0, 0.0], [0.0, 0.0, 0.0, 0.0], [0.0, 0.0, 0.0, 0.0], [0.0, 0.0, 0.0, 0.0], [0.0, 0.0, 0.0, 0.0], [0.0, 0.0, 0.0, 0.0], [0.0, 0.0, 0.0, 0.0], [0.0, 0.0, 0.0, 0.0], [0.0, 0.0, 0.0, 0.0], [0.0, 0.0, 0.0, 0.0], [0.0, 0.0, 0.0, 0.0], [0.0, 0.0, 0.0, 0.0], [0.0, 0.0, 0.0, 0.0], [0.0, 0.0, 0.0, 0.0], [0.0, 0.0, 0.0, 0.0], [0.0, 0.0, 0.0, 0.0], [0.0, 0.0, 0.0, 0.0], [0.0, 0.0, 0.0, 0.0]]

Columns:

  Timestamp: 
      column: 1
       scale: 0.016666667
  
  B1_H:
       L:    2
       R:    6
   scale: 1000
   
  B1_V:
       L:    3
       R:    7
   scale: 1000

  B2_H:
       L:    4
       R:    8
   scale: 1000

  B2_V:
       L:    5
       R:    9
   scale: 1000
