
Data file: /Users/turkot/DESY/Postdoc/CMS/Lumi/OrbitDrifts/Repository/OrbitDriftsCorr/Data/DOROS/Fill7442/DOROS_Fill7442_Timber_v02.csv

Title: DOROS

Offsets:
    
  Timestamps: [1542135000, 1542135708, 1542136173, 1542139644, 1542140214, 1542140579, 1542141318, 1542143712, 1542144289, 1542145836, 1542148211]
                 B1_H     B1_V     B2_H     B2_V 
  OffValues: [[318.65, -1710.15, 172.35, -1722.15],[324.65, -1701.95, 172.95, -1722.15],[324.60, -1702.00, 172.55, -1722.85],[314.55, -1703.10, 172.00, -1721.25],[316.95, -1704.15, 172.10, -1721.25],[317.45, -1704.15, 152.05, -1713.45],[316.60, -1704.35, 152.70, -1714.00],[315.90, -1704.35, 152.70, -1714.00],[315.90, -1704.35, 152.90, -1714.85],[315.80, -1702.95, 152.75, -1712.70],[314.25, -1701.75, 152.65, -1712.00]]

  T//imestamps: [1542135000, 1542139644, 1542141318, 1542145836, 1542148211]
  
  O//ffValues: [[318.65, -1710.15, 172.35, -1722.15],[314.55, -1703.10, 172.00, -1721.25],[316.60, -1704.35, 152.70, -1714.00],[315.80, -1702.95, 152.75, -1712.70],[314.25, -1701.75, 152.65, -1712.00]]

Columns:

  Timestamp: 
      column: 1
       scale: 0.016666667
  
  B1_H:
       L:    2
       R:    6
   scale: 1000
   
  B1_V:
       L:    3
       R:    7
   scale: 1000

  B2_H:
       L:    4
       R:    8
   scale: 1000

  B2_V:
       L:    5
       R:    9
   scale: 1000
