
Data file: /Users/turkot/DESY/Postdoc/CMS/Lumi/OrbitDrifts/Repository/OrbitDriftsCorr/Data/Nominal/Fill6016/vdm_Nominal_Fill6016_n01.csv

Scan:

  Names: ["emXY1", "X1","Y1","Y2","X2","BIX1","BIY1","BIX2","BIY2","X3","Y3","X4","Y4","L1X","L1Y","NBIY1","NBIX1","NBIY2","NBIX2","X5","Y5"]
  
  T/imeWindows: [[1501214334, 1501214671],
  [1501228893, 1501229838],[1501230120, 1501231078],[1501231473, 1501232420],[1501232783, 1501233728],
  [1501235405, 1501236452],[1501236798, 1501237860],[1501238672, 1501239728],[1501240037, 1501241088],
  [1501245624, 1501246582],[1501246909, 1501247855],[1501248472, 1501249417],[1501249818, 1501250748],
  [1501261173, 1501262298],[1501262583, 1501263729],
  [1501264205, 1501265243],[1501265487, 1501266538],[1501266859, 1501267925],[1501268213, 1501269239],
  [1501269855, 1501270800],[1501270999, 1501271946]]
  
  TimeWindows: [[1501214310, 1501214698],[1501228837, 1501229906],[1501230061, 1501231140],[1501231413, 1501232490],[1501232726, 1501233796],[1501235322, 1501236558],[1501236705, 1501237978],[1501238587, 1501239843],[1501239955, 1501241197],[1501245567, 1501246650],[1501246850, 1501247927],[1501248353, 1501249548],[1501249698, 1501250899],[1501261131, 1501262349],[1501262535, 1501263776],[1501264139, 1501265312],[1501265416, 1501266612],[1501266785, 1501268002],[1501268149, 1501269305],[1501269799, 1501270869],[1501270940, 1501272017]]

Columns:

  Timestamp: 5
      scale: 0.016666667
  
  B1_H:    20
   scale: 1000
   
  B1_V:    19
   scale: 1000
   
  B2_H:    22
   scale: 1000
   
  B2_V:    21
   scale: 1000
