
Data file: /Users/turkot/DESY/Postdoc/CMS/Lumi/OrbitDrifts/Repository/OrbitDriftsCorr/Data/DOROS/Fill7443/DOROS_Fill7443_Timber_v02.csv

Title: DOROS

Offsets:
    
  Timestamps: [1542211800, 1542213059, 1542213602, 1542215346, 1542215382, 1542216031, 1542216740, 1542220016, 1542221586, 1542221877, 1542221936, 1542228161, 1542229709, 1542231642, 1542232040]
                 B1_H     B1_V     B2_H     B2_V 
  OffValues: [[320.40, -1662.80, 161.20, -1682.70],[320.40, -1662.90, 163.10, -1683.55],[324.55, -1664.90, 162.80, -1683.50],[316.80, -1666.55, 160.10, -1680.95],[319.05, -1660.20, 160.50, -1680.95],[318.95, -1660.25, 159.00, -1682.15],[318.10, -1659.50, 158.60, -1681.65],[321.90, -1654.20, 158.05, -1679.75],[326.45, -1656.15, 157.85, -1679.40],[326.35, -1655.05, 157.75, -1679.50],[326.80, -1655.05, 139.55, -1673.00],[323.10, -1653.00, 141.10, -1670.75],[321.85, -1652.40, 142.10, -1671.00],[320.80, -1651.70, 143.30, -1670.40],[309.75, -1640.15, 143.40, -1670.35]]
  
  T//imestamps: [1542211800, 1542215346, 1542216740, 1542220016, 1542221877, 1542228161, 1542229709, 1542231642]
  
  O//ffValues: [[320.40, -1662.80, 161.20, -1682.70],[316.80, -1666.55, 160.10, -1680.95],[318.10, -1659.50, 158.60, -1681.65],[321.90, -1654.20, 158.05, -1679.75],[326.35, -1655.05, 157.75, -1679.50],[323.10, -1653.00, 141.10, -1670.75],[321.85, -1652.40, 142.10, -1671.00],[320.80, -1651.70, 143.30, -1670.40]]

Columns:

  Timestamp: 
      column: 1
       scale: 0.016666667
  
  B1_H:
       L:    2
       R:    6
   scale: 1000
   
  B1_V:
       L:    3
       R:    7
   scale: 1000

  B2_H:
       L:    4
       R:    8
   scale: 1000

  B2_V:
       L:    5
       R:    9
   scale: 1000
