
Data file: /Users/turkot/DESY/Postdoc/CMS/Lumi/OrbitDrifts/Repository/OrbitDriftsCorr/Data/DOROS/Fill6868/DOROS_Fill6868_Timber.csv

Offsets:

  Timestamps: [1530352062, 1530356377, 1530359437, 1530360854, 1530362401, 1530364061, 1530367102, 1530368711, 1530396762, 1530400617, 1530402225, 1530403725, 1530406599, 1530409686, 1530413153, 1530416157, 1530417223, 1530418826, 1530420450, 1530422021, 1530423560, 1530427758]
                  B1_H     B1_V     B2_H     B2_V 
  OffValues: [[346.35, -1602.05, 161.15, -1650.85],[336.05, -1603.2, 158.4, -1647.15],[337.85, -1597.75, 152.75, -1644.95],[338, -1600.25, 155.9, -1647.75],[337.85, -1599, 153.55, -1646.7],[335.55, -1598.75, 152.35, -1645.5],[333.75, -1598.3, 151.95, -1644.65],[332.05, -1597.45, 151.65, -1642.2],[338.3, -1593.35, 156.75, -1643.75],[336.05, -1591.35, 155.9, -1641.95],[338.1, -1594.45, 156.15, -1641.1],[339.65, -1594.55, 157.25, -1640.8],[338.5, -1592.15, 155.8, -1639.9],[337.75, -1588.8, 155.35, -1637.15],[337.95, -1588.3, 152.35, -1635.95],[340.85, -1592.9, 153.55, -1640.95],[339.55, -1593.5, 159.7, -1640.2],[338.65, -1592.15, 158.5, -1640.4],[340.2, -1590.35, 159.45, -1639.4],[339.95, -1590.3, 155, -1640.65],[335.3, -1589.25, 153.95, -1638.6],[339.3, -1593.6, 156.6, -1642.75]]

Columns:

  Timestamp: 
      column: 1
       scale: 0.016666667
  
  B1_H:
       L:    2
       R:    6
   scale: 1000
   
  B1_V:
       L:    3
       R:    7
   scale: 1000

  B2_H:
       L:    4
       R:    8
   scale: 1000

  B2_V:
       L:    5
       R:    9
   scale: 1000
